6final:k127_193912	648_tnpA_CCYP01000054.1_1	70.0	60	15	1	1943	2122	4	60	1.05e-20	91.7
6final:k127_193912	344_tnpA_LM676437.1_1	70.0	60	15	1	1943	2122	4	60	7.82e-19	85.9
6final:k127_15684	1284_IS91_MSDV01000044.1_1	70.5	44	13	0	3	134	276	319	9.73e-13	68.2
6final:k127_15684	1914_IS91_MNUL01000105.1_1	70.5	44	13	0	3	134	282	325	1.37e-12	67.8
6final:k127_343417	1321_tnpA_KX094555.1_1	71.0	31	9	0	862	770	258	288	2.25e-09	57.4
6final:k127_313711	2084_tnpA_CP000354.2_1	70.1	67	20	0	836	1036	1	67	6.90e-27	101
6final:k127_255158	2807_tniA_FN806773.1_1	71.4	119	34	0	2985	3341	11	129	2.70e-41	157
6final:k127_48732	2575_IS91_AP014651.1_1	77.8	54	11	1	553	711	1	54	1.74e-18	75.9
6final:k127_122885	2575_IS91_AP014651.1_1	78.9	38	7	1	245	355	16	53	2.74e-11	55.5
6final:k127_122885	986_IS91_HE798385.1_1	81.6	38	6	1	245	355	68	105	3.00e-11	57.0
6final:k127_122885	2104_tnpA_CP000353.2_1	81.6	38	6	1	245	355	71	108	3.23e-11	57.0
6final:k127_122885	2549_tnpA_AIGS01000013.1_1	78.9	38	7	1	245	355	38	75	4.86e-11	55.5
6final:k127_122885	1607_IS91_CP005083.1_1	78.9	38	7	1	245	355	67	104	1.02e-10	55.5
6final:k127_122885	1224_IS91_CP000831.1_1	74.4	43	10	1	245	370	69	111	1.99e-10	54.7
6final:k127_122885	1906_tnpA_AY036070.1_1	75.0	36	9	0	263	370	71	106	4.48e-10	53.5
6final:k127_122885	1702_IS91_AM902716.1_1	73.7	38	9	1	245	355	67	104	2.28e-09	51.6
6final:k127_122885	2623_IS91_AM902716.1_1	76.3	38	8	1	245	355	71	108	3.42e-09	51.2
6final:k127_122885	2513_IS91_CP002417.1_1	73.7	38	9	1	245	355	66	103	1.44e-08	49.3
6final:k127_122885	839_IS91_CP000539.1_1	73.7	38	9	1	245	355	66	103	1.44e-08	49.3
6final:k127_94716	2084_tnpA_CP000354.2_1	88.0	25	3	0	271	197	1	25	4.90e-08	48.5
6final:k127_363382	2575_IS91_AP014651.1_1	70.4	54	15	1	2032	2190	1	54	5.32e-16	69.3
6final:k127_288965	2554_tnpA_CZDF01000174.1_1	72.5	80	22	0	1537	1298	906	985	3.93e-31	124
6final:k127_81656	344_tnpA_LM676437.1_1	79.3	439	87	1	1790	474	1	435	3.99e-243	699
6final:k127_81656	648_tnpA_CCYP01000054.1_1	77.4	439	95	1	1790	474	1	435	3.68e-241	694
6final:k127_81656	535_tnpA_FN806773.1_1	77.9	434	92	1	1775	474	13	442	4.72e-238	686
6final:k127_81656	2007_tnpA_AF042490.4_1	76.0	437	101	1	1790	480	1	433	8.73e-236	680
6final:k127_81656	390_tnpA_FN806773.1_1	74.6	445	109	1	1808	474	8	448	1.24e-233	675
6final:k127_81656	489_tnpA_FN806773.1_1	75.2	439	105	1	1790	474	1	435	9.60e-232	669
6final:k127_81656	630_tnpA_AY439015.3_1	76.3	439	96	2	1790	486	1	435	2.30e-231	669
6final:k127_81656	339_tnpA_FN806773.1_1	72.1	437	118	1	1790	480	1	433	2.36e-216	630
6final:k127_81656	2255_tnpA1_HE572590.1_1	78.7	357	76	0	1550	480	1	357	3.49e-194	569
6final:k127_81656	2765_tnpA2_HE572590.1_1	78.4	357	77	0	1550	480	1	357	1.93e-193	567
6final:k127_81656	449_tnpA_CDAD01000027.1_1	79.6	357	72	1	1541	474	1	357	2.23e-191	562
6final:k127_81656	527_tnpA_CDAB01000007.1_1	75.4	350	86	0	1508	459	1	350	1.27e-179	531
6final:k127_81656	2086_tnpA_CDAD01000016.1_1	74.6	343	87	0	1508	480	1	343	8.14e-174	516
6final:k127_81656	412_tnpA_FN806773.1_1	70.8	353	103	0	1541	483	1	353	2.21e-170	507
6final:k127_81656	1915_tnpA_CDAG01000005.1_1	76.3	321	76	0	1442	480	3	323	1.31e-165	493
6final:k127_81656	2288_tnpA_CDAC01000056.1_1	76.2	315	75	0	1424	480	1	315	8.03e-164	488
6final:k127_81656	1797_tnpA_CBVQ010000068.1_1	73.2	325	87	0	1448	474	1	325	1.68e-163	488
6final:k127_81656	350_tnpA_CCYY01000041.1_1	73.4	316	84	0	1427	480	4	319	1.67e-155	467
6final:k127_81656	581_tnpA_CCYV01000085.1_1	75.0	232	58	0	1250	555	30	261	6.99e-109	342
6final:k127_81656	874_tnpA_CP011546.1_1	72.2	205	57	0	1088	474	1	205	1.42e-93	296
6final:k127_81656	1124_tnpA_FN806773.1_1	71.9	139	35	1	1790	1374	1	135	1.89e-62	206
6final:k127_37610	1258_tnpA_AF087482.1_1	72.6	135	37	0	5	409	170	304	1.63e-57	196
6final:k127_276294	1914_IS91_MNUL01000105.1_1	70.4	318	94	0	1163	2116	5	322	5.01e-161	466
6final:k127_352826	1396_tnpA_LM676407.1_1	78.7	94	20	0	4761	4480	2	95	3.39e-40	140
6final:k127_352826	804_tnpA_CDAC01000059.1_1	77.7	94	21	0	4761	4480	2	95	4.07e-39	137
6final:k127_352826	2222_tnpA_CDAD01000043.1_1	76.9	91	21	0	4752	4480	5	95	1.92e-38	135
6final:k127_352826	2478_tnpA_AP012555.1_1	79.1	91	19	0	4752	4480	4	94	4.73e-38	134
6final:k127_352826	835_tnpA_CCYP01000076.1_1	75.8	91	22	0	4752	4480	5	95	1.24e-37	133
6final:k127_115245	2478_tnpA_AP012555.1_1	83.0	94	16	0	1146	1427	1	94	2.54e-45	154
6final:k127_115245	804_tnpA_CDAC01000059.1_1	80.4	92	18	0	1152	1427	4	95	2.03e-43	149
6final:k127_115245	1396_tnpA_LM676407.1_1	78.3	92	20	0	1152	1427	4	95	7.02e-43	147
6final:k127_115245	2222_tnpA_CDAD01000043.1_1	79.3	92	19	0	1152	1427	4	95	1.31e-42	146
6final:k127_115245	835_tnpA_CCYP01000076.1_1	78.3	92	20	0	1152	1427	4	95	4.52e-42	145
6final:k127_115245	649_tnpA_CCYR01000042.1_1	78.3	92	20	0	1152	1427	23	114	1.52e-41	144
6final:k127_26258	1197_tnpA_AY365117.2_1	72.1	61	17	0	1376	1194	4	64	2.43e-24	94.4
6final:k127_101369	1193_tnpA_JX424614.1_1	72.0	50	14	0	1468	1319	247	296	1.63e-14	71.2
6final:k127_88958	2575_IS91_AP014651.1_1	84.6	26	4	0	140	217	22	47	2.52e-08	47.0
6final:k127_88958	986_IS91_HE798385.1_1	88.5	26	3	0	140	217	74	99	6.59e-08	47.4
6final:k127_88958	2104_tnpA_CP000353.2_1	88.5	26	3	0	140	217	77	102	7.05e-08	47.4
6final:k127_88958	1607_IS91_CP005083.1_1	84.6	26	4	0	140	217	73	98	8.79e-08	47.0
1final:k127_533173	2807_tniA_FN806773.1_1	71.7	46	13	0	1644	1781	11	56	2.69e-11	63.2
1final:k127_491721	1610_int3_HE616890.1_1	70.3	37	11	0	2308	2198	201	237	4.57e-09	54.3
1final:k127_295093	1347_tnpA_FLQY01000035.1_1	81.8	55	10	0	3492	3328	66	120	2.33e-22	91.3
1final:k127_232273	563_IS91_CP001918.1_1	93.5	62	4	0	1930	2115	23	84	4.38e-32	115
1final:k127_232273	615_IS91_CP000618.1_1	75.0	60	15	0	1933	2112	24	83	7.74e-24	92.4
1final:k127_232273	2394_IS91_CP001045.1_1	71.7	60	17	0	1933	2112	24	83	1.97e-23	91.3
1final:k127_232273	1269_IS91_CP002783.1_1	72.1	43	12	0	1936	2064	77	119	2.60e-15	69.3
1final:k127_165713	2730_tnpA_AOCI01000042.1_1	70.5	44	13	0	22316	22185	325	368	6.47e-12	68.9
1final:k127_168190	2575_IS91_AP014651.1_1	71.7	53	13	2	1008	1163	1	52	1.53e-12	59.3
1final:k127_307164	2442_tnpA_12_KU665641.1_1	90.9	275	25	0	527	1351	1	275	1.07e-184	515
1final:k127_307164	639_tnpA_JF785549.1_1	89.1	276	30	0	524	1351	2	277	6.60e-184	513
1final:k127_307164	2076_tnpA27_HG918041.1_1	90.2	276	27	0	524	1351	2	277	2.67e-183	512
1final:k127_307164	999_tnpA_rve_CEGG01000033.1_1	86.5	223	30	0	527	1195	1	223	1.29e-134	387
1final:k127_307164	2206_tnpA_CAHS01000016.1_1	80.0	180	36	0	812	1351	1	180	3.47e-102	301
1final:k127_307164	563_IS91_CP001918.1_1	96.6	88	3	0	231	494	1	88	5.63e-49	160
1final:k127_307164	615_IS91_CP000618.1_1	71.1	83	24	0	231	479	1	83	2.11e-33	118
1final:k127_307164	2775_tnpA_FR719187.1_1	70.6	51	15	0	1025	1177	1	51	1.44e-19	79.3
1final:k127_85868	1428_IS91_CP002783.1_1	72.7	33	9	0	1263	1165	54	86	3.08e-09	50.4
1final:k127_552875	242_ColRNAI_1__DQ298019_1	73.0	37	10	0	1787	1677	5	41	2.55e-12	58.5
1final:k127_287027	1474_tnpA_AM286416.1_1	70.0	30	9	0	684	595	19	48	3.00e-08	50.8
7final:k127_35007	2554_tnpA_CZDF01000174.1_1	70.4	98	29	0	1556	1263	888	985	7.95e-37	144
7final:k127_66306	1396_tnpA_LM676407.1_1	78.7	94	20	0	268	549	2	95	2.51e-40	140
7final:k127_66306	804_tnpA_CDAC01000059.1_1	77.7	94	21	0	268	549	2	95	3.01e-39	137
7final:k127_66306	2222_tnpA_CDAD01000043.1_1	76.9	91	21	0	277	549	5	95	1.42e-38	135
7final:k127_66306	2478_tnpA_AP012555.1_1	79.1	91	19	0	277	549	4	94	3.50e-38	134
7final:k127_66306	835_tnpA_CCYP01000076.1_1	75.8	91	22	0	277	549	5	95	9.17e-38	133
2final:k127_160083	2424_tnpA_CP000353.2_1	79.2	53	11	0	3371	3213	273	325	3.50e-19	86.7
2final:k127_160083	2336_tnpA_FJ715942.1_1	70.9	55	16	0	3371	3207	270	324	6.98e-16	76.6
2final:k127_151639	2478_tnpA_AP012555.1_1	71.1	90	26	0	1689	1420	5	94	1.53e-34	122
2final:k127_124937	2000_tnpA_AB052615.1_1	79.4	34	7	0	3	104	63	96	6.16e-15	67.0
2final:k127_124937	383_tnpA_AY509004.1_1	79.4	34	7	0	3	104	190	223	9.67e-14	67.0
2final:k127_124937	2224_tnpA_BX950851.1_1	73.5	34	9	0	3	104	50	83	9.86e-14	63.2
2final:k127_124937	1110_tnpA_GU371928.1_1	79.4	34	7	0	3	104	635	668	8.25e-13	67.0
2final:k127_124937	729_tnpA_LC155908.1_1	79.4	34	7	0	3	104	704	737	8.74e-13	67.0
2final:k127_124937	2773_tnpA_JX194160.1_1	79.4	34	7	0	3	104	747	780	9.00e-13	67.0
2final:k127_124937	573_tnpA_AP014646.1_1	79.4	34	7	0	3	104	853	886	9.52e-13	67.0
2final:k127_124937	287_tnpA_KT922275.1_1	79.4	34	7	0	3	104	869	902	9.59e-13	67.0
2final:k127_124937	1122_tnpA_HM560971.1_1	79.4	34	7	0	3	104	954	987	9.92e-13	67.0
2final:k127_124937	1525_tnpA_KU130294.1_1	79.4	34	7	0	3	104	954	987	9.92e-13	67.0
2final:k127_124937	1778_tnpA_JX469829.1_1	79.4	34	7	0	3	104	954	987	9.92e-13	67.0
2final:k127_124937	2030_tnpA_HQ730118.1_1	79.4	34	7	0	3	104	954	987	9.92e-13	67.0
2final:k127_124937	341_tnpA_KU130294.1_1	79.4	34	7	0	3	104	954	987	9.92e-13	67.0
2final:k127_124937	382_tnpA-2_AM261760.1_1	79.4	34	7	0	3	104	954	987	9.92e-13	67.0
2final:k127_124937	446_tnpA_KF856624.1_1	79.4	34	7	0	3	104	954	987	9.92e-13	67.0
2final:k127_124937	552_tnpA_AJ344068.1_1	79.4	34	7	0	3	104	954	987	9.92e-13	67.0
2final:k127_124937	684_tnpA_AB238971.1_1	79.4	34	7	0	3	104	954	987	9.92e-13	67.0
2final:k127_124937	2728_tnpA_LT222315.1_1	76.5	34	8	0	3	104	954	987	2.27e-12	65.9
2final:k127_124937	2732_tnpA_AZXZ01000020.1_1	70.0	30	9	0	3	92	93	122	2.98e-12	60.5
2final:k127_124937	1841_tnpA_KJ439039.1_1	76.5	34	8	0	3	104	956	989	5.21e-12	64.7
2final:k127_124937	1268_tnpA_KJ488943.1_1	73.3	30	8	0	3	92	58	87	9.61e-12	57.8
2final:k127_124937	2034_tnpA1_ADFW01000001.1_1	72.7	33	9	0	3	101	770	802	1.11e-11	63.5
2final:k127_124937	2737_tnpA_CP002881.1_1	73.3	30	8	0	3	92	187	216	3.79e-11	59.3
2final:k127_124937	2369_tnpA_AJ431260.1_1	76.7	30	7	0	3	92	955	984	6.25e-11	61.2
2final:k127_124937	2443_tnpA_KC543497.1_1	73.5	34	9	0	3	104	902	935	8.09e-11	60.8
2final:k127_124937	2340_tnpA_AB238971.1_1	76.7	30	7	0	3	92	955	984	1.43e-10	60.1
2final:k127_124937	1142_tnpA2_HE798556.1_1	70.0	30	9	0	3	92	179	208	1.52e-10	57.4
2final:k127_124937	1923_tnpA_JN106171.1_1	70.0	30	9	0	3	92	281	310	4.03e-10	57.4
2final:k127_124937	2197_tnpA_AL954747.1_1	70.0	30	9	0	3	92	955	984	5.67e-10	58.2
2final:k127_124937	1138_tnpA_KJ588779.1_1	70.0	30	9	0	3	92	480	509	7.29e-10	57.4
2final:k127_124937	2205_tnpA_KX029331.1_1	73.3	30	8	0	3	92	918	947	7.39e-10	57.8
2final:k127_124937	2452_tnpA_CCAE010000033.1_1	73.3	30	8	0	3	92	954	983	7.47e-10	57.8
2final:k127_124937	2734_tnpA_JN106164.1_1	73.3	30	8	0	3	92	954	983	7.47e-10	57.8
2final:k127_124937	533_tnpA_CBTV010000137.1_1	73.3	30	8	0	3	92	955	984	7.47e-10	57.8
2final:k127_124937	1456_tnpA_LT599584.1_1	73.3	30	8	0	3	92	956	985	7.47e-10	57.8
2final:k127_124937	286_tnpA_KU997026.1_1	73.3	30	8	0	3	92	956	985	7.47e-10	57.8
2final:k127_124937	1361_tnpA_CP001856.1_1	70.0	30	9	0	3	92	627	656	8.47e-10	57.4
2final:k127_124937	2614_tnpA_AJ251743.1_1	70.0	30	9	0	3	92	953	982	9.83e-10	57.4
2final:k127_124937	1121_tnpA_JX486125.1_1	70.0	30	9	0	3	92	954	983	9.84e-10	57.4
2final:k127_124937	1159_tnpA_DQ057986.1_1	70.0	30	9	0	3	92	954	983	9.84e-10	57.4
2final:k127_124937	2702_tnpA_EF079106.1_1	70.0	30	9	0	3	92	954	983	9.84e-10	57.4
2final:k127_124937	330_tnpA_KP893385.1_1	70.0	30	9	0	3	92	954	983	9.84e-10	57.4
2final:k127_124937	434_tnpA_KC170280.1_1	70.0	30	9	0	3	92	954	983	9.84e-10	57.4
2final:k127_124937	797_tnpA_EF469735.1_1	70.0	30	9	0	3	92	954	983	9.84e-10	57.4
2final:k127_124937	1811_tnpA-3_AJ877225.1_1	70.0	30	9	0	3	92	955	984	9.84e-10	57.4
2final:k127_124937	2562_tnpA_JX448550.1_1	70.0	30	9	0	3	92	955	984	9.84e-10	57.4
2final:k127_124937	506_tnpA_AY327575.2_1	70.0	30	9	0	3	92	955	984	9.84e-10	57.4
2final:k127_124937	277_tnpA_AF071413.3_1	70.0	30	9	0	3	92	958	987	9.85e-10	57.4
2final:k127_124937	1364_tnpA_LN681228.1_1	73.3	30	8	0	3	92	827	856	1.24e-09	57.0
2final:k127_124937	628_tnpA_AY297781.1_1	70.0	30	9	0	3	92	957	986	1.30e-09	57.0
2final:k127_124937	1716_tnpA_AY821803.1_1	70.0	30	9	0	3	92	954	983	2.25e-09	56.2
2final:k127_124937	2179_tnpA_CCYE01000037.1_1	70.0	30	9	0	3	92	954	983	2.25e-09	56.2
2final:k127_124937	2607_tnpA_AF544991.1_1	73.3	30	8	0	3	92	955	984	2.25e-09	56.2
2final:k127_20749	723_tnpA_AF102990.1_1	73.5	34	9	0	106	5	130	163	1.07e-10	58.9
2final:k127_39729	2082_tnpA_CU459003.1_1	70.9	165	48	0	4557	5051	1	165	2.15e-74	241
2final:k127_76058	2602_tnpA_CU459003.1_1	79.1	158	33	0	1124	1597	42	199	8.14e-83	255
2final:k127_76058	2052_tnpA_CU459003.1_1	79.1	158	33	0	1124	1597	42	199	2.11e-79	255
2final:k127_128279	746_tnpA_AJ863570.1_1	80.5	41	8	0	190	68	969	1009	6.22e-15	77.4
2final:k127_128279	331_tnpA_AY208917.2_1	78.6	42	9	0	193	68	968	1009	1.07e-14	76.6
2final:k127_128279	758_tnpA3_FR875157.1_1	76.2	42	10	0	193	68	968	1009	4.13e-14	74.7
2final:k127_128279	458_tnpA_KC609323.1_1	82.5	40	7	0	193	74	968	1007	1.22e-13	73.2
2final:k127_128279	2490_tnpA_FO681494.1_1	80.0	40	8	0	193	74	968	1007	1.60e-13	72.8
2final:k127_128279	1143_tnpA_FR820585.1_1	73.8	42	10	1	193	68	968	1008	2.39e-12	68.9
2final:k127_128279	2200_tnpA_AY365053.1_1	75.0	40	9	1	193	74	968	1006	1.58e-11	66.2
2final:k127_128279	652_tnpA_Y09450.1_1	70.7	41	11	1	190	68	964	1003	8.00e-11	63.9
2final:k127_129424	945_tnpA_AB032203.1_1	76.2	273	61	2	971	1780	1	272	4.07e-130	404
2final:k127_7491	447_IS91_CP000473.1_1	77.1	48	11	0	1788	1645	50	97	3.02e-19	82.0
2final:k127_166921	736_IS91_CP000891.1_1	71.8	39	9	1	2100	1990	56	94	3.46e-08	48.1
2final:k127_131998	2082_tnpA_CU459003.1_1	71.1	45	13	0	7344	7478	96	140	1.61e-15	73.9
3final:k127_210164	1053_IS91_MOXO01000337.1_1	71.1	38	11	0	1455	1568	2	39	1.48e-13	68.2
3final:k127_105359	2737_tnpA_CP002881.1_1	74.5	216	55	0	6	653	3	218	3.47e-106	335
3final:k127_105359	1923_tnpA_JN106171.1_1	73.6	216	57	0	6	653	97	312	1.23e-104	334
3final:k127_105359	383_tnpA_AY509004.1_1	73.4	218	58	0	6	659	6	223	1.58e-104	330
3final:k127_105359	1138_tnpA_KJ588779.1_1	74.1	216	56	0	6	653	296	511	1.13e-102	337
3final:k127_105359	1361_tnpA_CP001856.1_1	74.5	216	55	0	6	653	443	658	5.26e-101	337
3final:k127_105359	2034_tnpA1_ADFW01000001.1_1	75.7	222	54	0	6	671	586	807	6.82e-101	341
3final:k127_105359	1110_tnpA_GU371928.1_1	73.4	218	58	0	6	659	451	668	1.51e-98	330
3final:k127_105359	2369_tnpA_AJ431260.1_1	78.5	214	46	0	6	647	771	984	1.87e-98	339
3final:k127_105359	1121_tnpA_JX486125.1_1	75.0	216	54	0	6	653	770	985	4.49e-98	338
3final:k127_105359	1030_tnpA_LK931667.1_1	74.5	216	55	0	6	653	770	985	8.13e-98	337
3final:k127_105359	330_tnpA_KP893385.1_1	74.5	216	55	0	6	653	770	985	8.13e-98	337
3final:k127_105359	729_tnpA_LC155908.1_1	73.4	218	58	0	6	659	520	737	8.72e-98	330
3final:k127_105359	277_tnpA_AF071413.3_1	74.5	216	55	0	6	653	774	989	8.75e-98	337
3final:k127_105359	2773_tnpA_JX194160.1_1	73.4	218	58	0	6	659	563	780	9.75e-98	331
3final:k127_105359	434_tnpA_KC170280.1_1	74.1	216	56	0	6	653	770	985	2.67e-97	335
3final:k127_105359	1122_tnpA_HM560971.1_1	73.9	218	57	0	6	659	770	987	4.83e-97	335
3final:k127_105359	573_tnpA_AP014646.1_1	72.9	218	59	0	6	659	669	886	5.45e-97	332
3final:k127_105359	2702_tnpA_EF079106.1_1	73.6	216	57	0	6	653	770	985	6.50e-97	334
3final:k127_105359	2734_tnpA_JN106164.1_1	74.7	217	55	0	6	656	770	986	6.50e-97	334
3final:k127_105359	2452_tnpA_CCAE010000033.1_1	74.1	216	56	0	6	653	770	985	8.75e-97	334
3final:k127_105359	1159_tnpA_DQ057986.1_1	74.1	216	56	0	6	653	770	985	1.18e-96	333
3final:k127_105359	1525_tnpA_KU130294.1_1	73.4	218	58	0	6	659	770	987	1.58e-96	333
3final:k127_105359	1364_tnpA_LN681228.1_1	73.6	216	57	0	6	653	643	858	1.91e-96	330
3final:k127_105359	1778_tnpA_JX469829.1_1	74.3	218	56	0	6	659	770	987	2.13e-96	333
3final:k127_105359	287_tnpA_KT922275.1_1	73.4	218	58	0	6	659	685	902	3.37e-96	330
3final:k127_105359	1716_tnpA_AY821803.1_1	74.1	216	56	0	6	653	770	985	3.86e-96	332
3final:k127_105359	2179_tnpA_CCYE01000037.1_1	74.1	216	56	0	6	653	770	985	3.86e-96	332
3final:k127_105359	2728_tnpA_LT222315.1_1	72.9	218	59	0	6	659	770	987	3.86e-96	332
3final:k127_105359	341_tnpA_KU130294.1_1	72.9	218	59	0	6	659	770	987	3.86e-96	332
3final:k127_105359	446_tnpA_KF856624.1_1	73.9	218	57	0	6	659	770	987	3.86e-96	332
3final:k127_105359	382_tnpA-2_AM261760.1_1	72.9	218	59	0	6	659	770	987	5.19e-96	332
3final:k127_105359	684_tnpA_AB238971.1_1	72.9	218	59	0	6	659	770	987	6.99e-96	331
3final:k127_105359	926_tnpA2_AJ431260.1_1	74.3	214	55	0	6	647	770	983	6.99e-96	331
3final:k127_105359	2614_tnpA_AJ251743.1_1	72.7	216	59	0	6	653	769	984	1.67e-95	330
3final:k127_105359	2030_tnpA_HQ730118.1_1	73.4	218	58	0	6	659	770	987	1.70e-95	330
3final:k127_105359	552_tnpA_AJ344068.1_1	72.9	218	59	0	6	659	770	987	3.08e-95	329
3final:k127_105359	662_tnpA_AJ251307.2_1	73.4	218	58	0	6	659	770	987	3.08e-95	329
3final:k127_105359	628_tnpA_AY297781.1_1	73.6	216	57	0	6	653	773	988	4.37e-95	329
3final:k127_105359	2443_tnpA_KC543497.1_1	73.4	218	58	0	6	659	718	935	5.19e-95	327
3final:k127_105359	2197_tnpA_AL954747.1_1	73.3	217	57	1	6	653	770	986	1.86e-94	327
3final:k127_105359	2627_tnpA_ISSod9_AE014300.1_1	73.1	216	58	0	6	653	770	985	8.03e-94	325
3final:k127_105359	2562_tnpA_JX448550.1_1	72.8	217	58	1	6	653	770	986	1.48e-93	324
3final:k127_105359	506_tnpA_AY327575.2_1	72.8	217	58	1	6	653	770	986	1.48e-93	324
3final:k127_105359	1141_tnpA_KJ631729.1_1	73.5	219	57	1	6	659	772	990	3.72e-93	323
3final:k127_105359	2340_tnpA_AB238971.1_1	73.3	217	57	1	6	653	770	986	2.12e-92	321
3final:k127_105359	797_tnpA_EF469735.1_1	71.8	216	61	0	6	653	770	985	2.80e-92	320
3final:k127_105359	2205_tnpA_KX029331.1_1	72.9	218	58	1	6	656	733	950	3.60e-92	319
3final:k127_105359	286_tnpA_KU997026.1_1	72.9	218	58	1	6	656	771	988	7.04e-92	319
3final:k127_105359	533_tnpA_CBTV010000137.1_1	72.5	218	59	1	6	656	770	987	9.31e-92	319
3final:k127_105359	1456_tnpA_LT599584.1_1	73.4	218	57	1	6	656	771	988	9.47e-92	319
3final:k127_105359	2711_tnpA_AF121000.1_1	71.1	218	63	0	6	659	770	987	2.99e-91	317
3final:k127_105359	1841_tnpA_KJ439039.1_1	73.1	219	58	1	6	659	771	989	7.50e-91	316
3final:k127_105359	1811_tnpA-3_AJ877225.1_1	71.9	217	60	1	6	653	770	986	2.40e-90	315
3final:k127_105359	2607_tnpA_AF544991.1_1	71.9	217	60	1	6	653	770	986	4.60e-89	311
3final:k127_105359	1142_tnpA2_HE798556.1_1	74.6	185	38	1	99	653	35	210	2.13e-84	272
3final:k127_105359	2000_tnpA_AB052615.1_1	74.0	96	25	0	372	659	1	96	1.52e-43	150
3final:k127_105359	1268_tnpA_KJ488943.1_1	71.1	90	26	0	387	656	1	90	6.86e-39	137
3final:k127_105359	371_tnpA_JF729197.1_1	71.1	90	26	0	6	275	266	355	4.34e-36	138
3final:k127_105760	2084_tnpA_CP000354.2_1	71.1	45	13	0	2134	2268	1	45	1.29e-13	63.5
3final:k127_95559	2575_IS91_AP014651.1_1	71.2	52	14	1	2357	2509	1	52	3.36e-16	70.1
3final:k127_143333	990_tnpA2_CP002879.1_1	74.1	27	7	0	145	225	91	117	7.41e-08	48.1
3final:k127_120124	2052_tnpA_CU459003.1_1	74.6	500	127	0	2163	664	42	541	1.37e-260	754
3final:k127_120124	2602_tnpA_CU459003.1_1	74.5	204	52	0	2163	1552	42	245	3.01e-96	307
3final:k127_155282	2148_IS91_CP002798.1_1	78.7	89	19	0	789	1055	1	89	6.34e-43	144
3final:k127_155282	1845_IS91_CP012199.1_1	71.9	89	25	0	789	1055	1	89	1.17e-38	133
3final:k127_155282	2644_IS91_CP002447.1_1	75.3	77	19	0	789	1019	1	77	8.53e-36	126
3final:k127_155282	1890_IS91_CP005188.1_1	72.3	83	23	0	789	1037	1	83	1.24e-35	125
3final:k127_155282	1269_IS91_CP002783.1_1	70.2	57	15	1	828	992	63	119	1.94e-20	83.6
3final:k127_4341	1845_IS91_CP012199.1_1	79.5	78	16	0	17303	17536	1	78	4.61e-35	127
3final:k127_4341	1100_IS91_CP000690.1_1	78.2	78	17	0	17303	17536	1	78	4.91e-35	127
3final:k127_4341	1890_IS91_CP005188.1_1	79.5	78	16	0	17303	17536	1	78	5.38e-35	127
3final:k127_4341	2644_IS91_CP002447.1_1	71.4	77	22	0	17303	17533	1	77	1.06e-32	121
3final:k127_4341	2148_IS91_CP002798.1_1	70.5	78	23	0	17303	17536	1	78	1.49e-31	117
3final:k127_4341	2394_IS91_CP001045.1_1	71.2	73	21	0	17312	17530	3	75	7.27e-29	109
3final:k127_4341	615_IS91_CP000618.1_1	73.6	72	19	0	17315	17530	4	75	7.27e-29	109
3final:k127_4341	563_IS91_CP001918.1_1	72.2	72	20	0	17315	17530	4	75	3.44e-28	107
3final:k127_4341	641_IS91_CP005973.1_1	70.8	72	21	0	17315	17530	4	75	3.44e-28	107
3final:k127_192009	945_tnpA_AB032203.1_1	76.8	406	91	2	1468	257	1	405	4.06e-221	615
3final:k127_133212	2575_IS91_AP014651.1_1	71.2	52	14	1	1305	1153	1	52	2.66e-14	63.9
3final:k127_284901	746_tnpA_AJ863570.1_1	81.4	345	62	1	1426	392	668	1010	3.78e-177	572
3final:k127_284901	331_tnpA_AY208917.2_1	80.3	345	66	1	1426	392	668	1010	1.01e-171	556
3final:k127_284901	2490_tnpA_FO681494.1_1	79.4	345	69	1	1426	392	668	1010	9.73e-170	550
3final:k127_284901	1143_tnpA_FR820585.1_1	79.4	345	68	2	1426	392	668	1009	1.28e-169	550
3final:k127_284901	458_tnpA_KC609323.1_1	79.5	342	68	1	1426	401	668	1007	1.79e-169	549
3final:k127_284901	758_tnpA3_FR875157.1_1	78.6	345	72	1	1426	392	668	1010	4.46e-169	548
3final:k127_284901	2200_tnpA_AY365053.1_1	76.9	342	76	2	1426	401	668	1006	9.57e-163	530
3final:k127_284901	652_tnpA_Y09450.1_1	76.8	349	75	5	1438	392	662	1004	8.70e-158	515
3final:k127_284901	2757_tnpA_ISSod33_AE014300.1_1	70.3	279	81	1	1228	392	1	277	9.00e-131	408
3final:k127_284901	2273_tnpA_JYHQ01000107.1_1	70.8	264	75	1	1426	635	668	929	1.35e-114	386
3final:k127_284901	1638_tnpA_FJ948173.1_1	81.6	87	14	1	1426	1166	668	752	1.92e-35	144
3final:k127_284901	1865_tnpA_KR071788.1_1	76.5	34	8	0	631	530	14	47	2.88e-09	53.9
3final:k127_238937	1361_tnpA_CP001856.1_1	70.9	491	143	0	4328	5800	78	568	3.19e-245	730
3final:k127_238937	1138_tnpA_KJ588779.1_1	72.2	421	116	1	4541	5800	1	421	1.40e-208	627
3final:k127_238937	729_tnpA_LC155908.1_1	73.6	382	101	0	4655	5800	264	645	1.18e-190	588
3final:k127_238937	1110_tnpA_GU371928.1_1	73.6	379	100	0	4664	5800	198	576	6.32e-190	584
3final:k127_238937	371_tnpA_JF729197.1_1	71.5	355	101	0	4628	5692	1	355	5.27e-176	534
3final:k127_238937	1923_tnpA_JN106171.1_1	80.1	196	39	0	5213	5800	27	222	1.98e-103	330
3final:k127_238937	383_tnpA_AY509004.1_1	74.0	131	34	0	5408	5800	1	131	4.07e-61	205
3final:k127_238937	2737_tnpA_CP002881.1_1	76.6	128	30	0	5417	5800	1	128	3.21e-60	202
3final:k127_238937	1142_tnpA2_HE798556.1_1	77.9	95	12	1	5516	5800	35	120	8.61e-38	138
3final:k127_238937	2732_tnpA_AZXZ01000020.1_1	75.8	33	8	0	5702	5800	2	34	1.69e-09	54.3
3final:k127_17386	1269_IS91_CP002783.1_1	71.7	46	13	0	246	383	74	119	1.98e-17	75.1
3final:k127_274017	1437_IS91_CP002657.1_1	73.2	41	11	0	1579	1457	46	86	1.14e-12	60.8
3final:k127_274017	1172_IS91_CP000539.1_1	70.7	41	12	0	1579	1457	46	86	2.90e-12	59.7
3final:k127_136039	2557_tnpA_CDNB01000043.1_1	70.0	130	39	0	5	394	692	821	1.22e-52	191
3final:k127_136039	1549_tnpA_CAGJ01000062.1_1	70.0	130	39	0	5	394	693	822	1.22e-52	191
3final:k127_136039	2492_tnpA_CAGJ01000127.1_1	70.0	130	39	0	5	394	693	822	1.22e-52	191
3final:k127_136039	321_tnpA_CCXZ01000015.1_1	70.0	130	39	0	5	394	693	822	1.65e-52	191
3final:k127_136039	1550_tnpA3_HE577054.1_1	83.3	54	9	0	5	166	104	157	5.43e-26	102
3final:k127_194806	1933_IS91_MNFW01000015.1_1	71.1	45	13	0	140	6	126	170	1.21e-14	73.2
3final:k127_8248	1835_tnpA_AY365053.1_1	75.9	29	7	0	2295	2209	225	253	1.93e-08	52.4
3final:k127_8248	990_tnpA2_CP002879.1_1	72.4	29	8	0	2295	2209	91	119	3.13e-08	49.3
3final:k127_195053	1835_tnpA_AY365053.1_1	75.9	29	7	0	2014	1928	225	253	1.23e-08	52.8
3final:k127_195053	990_tnpA2_CP002879.1_1	72.4	29	8	0	2014	1928	91	119	1.99e-08	49.7
3final:k127_66487	2278_istB_AB270530.1_1	81.6	38	6	1	2446	2559	199	235	6.29e-15	71.6
3final:k127_66487	1305_istB_EF107516.1_1	86.1	36	4	1	2446	2553	205	239	4.70e-14	69.7
3final:k127_66487	2638_istB_JX194160.1_1	81.1	37	6	1	2446	2556	204	239	1.15e-12	65.5
3final:k127_66487	384_istB_CYCT01000079.1_1	75.7	37	9	0	2452	2562	208	244	1.98e-12	64.7
3final:k127_66487	844_istB_KU254577.1_1	75.7	37	9	0	2452	2562	205	241	2.13e-12	64.7
3final:k127_66487	2479_istB1_LK391695.1_1	87.9	33	4	0	2452	2550	211	243	4.12e-12	63.9
3final:k127_205958	1347_tnpA_FLQY01000035.1_1	78.2	142	31	0	899	474	3	144	4.01e-74	238
3final:k127_289370	1835_tnpA_AY365053.1_1	75.9	29	7	0	1767	1681	225	253	1.03e-08	52.8
3final:k127_289370	990_tnpA2_CP002879.1_1	72.4	29	8	0	1767	1681	91	119	1.72e-08	49.7
3final:k127_103512	2084_tnpA_CP000354.2_1	73.5	34	9	0	23871	23972	1	34	1.54e-10	57.8
3final:k127_230453	1835_tnpA_AY365053.1_1	74.4	43	11	0	2686	2814	214	256	5.69e-15	72.4
3final:k127_230453	990_tnpA2_CP002879.1_1	71.9	32	9	0	2719	2814	91	122	4.72e-09	52.0
3final:k127_68463	1728_istB3_LK391695.1_1	70.0	60	18	0	1562	1383	2	61	8.77e-25	95.1
3final:k127_254250	945_tnpA_AB032203.1_1	78.2	385	84	0	1569	415	1	385	1.63e-214	605
3final:k127_267557	1347_tnpA_FLQY01000035.1_1	77.8	63	14	0	715	903	66	128	3.76e-26	101
3final:k127_290778	2424_tnpA_CP000353.2_1	79.2	53	11	0	3	161	273	325	3.51e-19	86.7
3final:k127_290778	2336_tnpA_FJ715942.1_1	70.9	55	16	0	3	167	270	324	7.00e-16	76.6
3final:k127_290923	447_IS91_CP000473.1_1	71.1	114	33	0	70	411	1	114	7.15e-51	166
3final:k127_220302	990_tnpA2_CP002879.1_1	78.6	28	6	0	3352	3435	91	118	2.36e-08	50.4
3final:k127_57321	809_tnpA2_JFHO01000231.1_1	76.8	259	58	1	1642	872	605	863	3.58e-131	402
3final:k127_57321	2209_tnpA_JFHO01000247.1_1	79.8	84	17	0	1123	872	1	84	3.37e-39	137
3final:k127_151513	1845_IS91_CP012199.1_1	81.0	42	8	0	2667	2792	45	86	3.59e-15	68.2
3final:k127_151513	1890_IS91_CP005188.1_1	84.6	39	6	0	2667	2783	45	83	1.44e-14	66.6
3final:k127_151513	2148_IS91_CP002798.1_1	71.4	42	12	0	2667	2792	45	86	1.52e-13	63.5
3final:k127_151513	2394_IS91_CP001045.1_1	75.7	37	9	0	2667	2777	44	80	1.04e-10	55.5
3final:k127_151513	615_IS91_CP000618.1_1	78.4	37	8	0	2667	2777	44	80	1.04e-10	55.5
3final:k127_151513	2644_IS91_CP002447.1_1	75.8	33	8	0	2667	2765	45	77	7.02e-10	53.9
3final:k127_151513	2685_IS91_CP000272.1_1	70.3	37	11	0	2667	2777	44	80	4.41e-09	50.8
3final:k127_163416	2471_tnpA-1_AJ877225.1_1	71.4	105	30	0	1272	1586	1	105	1.24e-44	152
4final:k127_59217	1523_tnpA1_JFHO01000231.1_1	82.9	41	7	0	816	694	531	571	4.32e-13	70.5
4final:k127_119015	1178_tnpA_AQCY01000032.1_1	70.4	27	8	0	1442	1522	4	30	1.71e-08	47.8
4final:k127_119015	444_tnpA_AQAB01000114.1_1	70.4	27	8	0	1442	1522	4	30	1.71e-08	47.8
4final:k127_214828	1769_tnpA_AP010805.1_1	72.4	98	27	0	4270	4563	142	239	8.75e-40	149
4final:k127_214828	2004_tnpA_HF677572.1_1	70.4	98	29	0	4270	4563	789	886	5.63e-35	141
4final:k127_62011	2471_tnpA-1_AJ877225.1_1	73.3	180	48	0	640	101	1	180	2.72e-80	258
4final:k127_192935	2575_IS91_AP014651.1_1	79.6	54	10	1	1730	1888	1	54	2.86e-19	79.0
4final:k127_205262	2370_IS91_CP001349.1_1	70.9	86	25	0	3251	3508	9	94	1.45e-31	115
4final:k127_193542	2084_tnpA_CP000354.2_1	71.2	66	19	0	1534	1731	1	66	1.44e-26	100
4final:k127_75023	729_tnpA_LC155908.1_1	70.8	219	64	0	5932	6588	264	482	2.04e-96	326
4final:k127_75023	1110_tnpA_GU371928.1_1	70.8	216	63	0	5941	6588	198	413	1.38e-95	321
4final:k127_75023	1923_tnpA_JN106171.1_1	78.8	33	7	0	6490	6588	27	59	4.12e-11	62.8
4final:k127_100139	945_tnpA_AB032203.1_1	76.2	273	61	2	1354	2163	1	272	1.03e-128	404
4final:k127_195562	920_tnpA_CP002880.1_1	70.3	101	30	0	744	1046	52	152	1.09e-42	150
4final:k127_53618	1193_tnpA_JX424614.1_1	73.2	41	11	0	1396	1518	257	297	6.64e-12	63.2
4final:k127_112714	809_tnpA2_JFHO01000231.1_1	72.9	690	184	2	2274	214	271	960	0.0	986
4final:k127_112714	2209_tnpA_JFHO01000247.1_1	75.7	181	44	0	756	214	1	181	1.72e-86	275
4final:k127_112714	2157_tnpA4_FJ948173.1_1	73.2	183	49	0	3216	2668	5	187	1.35e-78	254
4final:k127_112714	2195_tnpA_HM371194.1_1	72.0	82	22	1	540	298	26	107	8.17e-32	117
4final:k127_112714	1459_tnpA_CBZM010000369.1_1	72.0	82	22	1	540	298	26	107	1.36e-31	117
4final:k127_102569	2673_IS91_MNDF01000012.1_1	74.1	397	103	0	1864	674	1	397	5.37e-219	612
4final:k127_102569	1933_IS91_MNFW01000015.1_1	82.0	322	58	0	1864	899	1	322	1.84e-200	562
4final:k127_290786	2735_tnpA_HE616891.1_1	74.0	146	38	0	1900	1463	660	805	1.20e-62	227
4final:k127_290786	1550_tnpA3_HE577054.1_1	76.9	39	9	0	1900	1784	119	157	2.99e-14	68.9
4final:k127_245316	499_intI1_JX486125.1_1	70.0	50	15	0	6706	6557	8	57	8.48e-17	75.1
4final:k127_140913	945_tnpA_AB032203.1_1	77.9	385	85	0	1520	366	1	385	7.29e-216	600
4final:k127_81544	2735_tnpA_HE616891.1_1	74.6	142	36	0	442	867	800	941	8.26e-62	214
5final:k127_153497	499_intI1_JX486125.1_1	76.1	67	16	0	1528	1328	5	71	7.55e-29	105
5final:k127_153497	460_intI1_AF263519.1_1	75.8	66	16	0	1525	1328	265	330	3.11e-25	102
5final:k127_153497	542_intI1_DQ647028.2_1	75.8	66	16	0	1525	1328	265	330	3.11e-25	102
5final:k127_137238	2673_IS91_MNDF01000012.1_1	73.8	397	104	0	1946	756	1	397	2.58e-210	610
5final:k127_137238	1933_IS91_MNFW01000015.1_1	81.7	322	59	0	1946	981	1	322	4.36e-192	560
5final:k127_68933	2735_tnpA_HE616891.1_1	74.8	282	71	0	1436	591	660	941	1.55e-141	428
5final:k127_68933	1550_tnpA3_HE577054.1_1	76.9	39	9	0	1436	1320	119	157	1.29e-14	68.9
5final:k127_171334	2369_tnpA_AJ431260.1_1	70.5	750	220	1	2865	619	235	984	0.0	1073
5final:k127_171334	1361_tnpA_CP001856.1_1	71.3	581	167	0	2355	613	78	658	7.89e-311	868
5final:k127_171334	1138_tnpA_KJ588779.1_1	72.2	511	141	1	2142	613	1	511	9.61e-273	765
5final:k127_171334	729_tnpA_LC155908.1_1	73.4	474	126	0	2028	607	264	737	4.78e-252	721
5final:k127_171334	1110_tnpA_GU371928.1_1	73.5	471	125	0	2019	607	198	668	2.72e-251	716
5final:k127_171334	371_tnpA_JF729197.1_1	71.8	355	100	0	2055	991	1	355	2.34e-185	535
5final:k127_171334	1923_tnpA_JN106171.1_1	76.6	286	67	0	1470	613	27	312	1.15e-157	462
5final:k127_171334	383_tnpA_AY509004.1_1	73.1	223	60	0	1275	607	1	223	3.87e-110	335
5final:k127_171334	2737_tnpA_CP002881.1_1	73.9	218	57	0	1266	613	1	218	1.89e-109	333
5final:k127_171334	1142_tnpA2_HE798556.1_1	74.1	185	39	1	1167	613	35	210	3.63e-85	269
5final:k127_171334	2000_tnpA_AB052615.1_1	72.9	96	26	0	894	607	1	96	6.79e-43	147
5final:k127_171334	1268_tnpA_KJ488943.1_1	70.0	90	27	0	879	610	1	90	3.08e-38	134
5final:k127_88520	945_tnpA_AB032203.1_1	73.3	60	16	0	6756	6935	311	370	3.91e-21	94.7
5final:k127_139920	2471_tnpA-1_AJ877225.1_1	71.7	184	52	0	1489	938	1	184	3.06e-84	258
5final:k127_259631	2052_tnpA_CU459003.1_1	81.7	71	13	0	215	3	456	526	2.46e-31	123
5final:k127_58854	920_tnpA_CP002880.1_1	70.3	101	30	0	733	1035	52	152	2.21e-43	150
5final:k127_298395	1523_tnpA1_JFHO01000231.1_1	74.5	965	246	0	2928	34	1	965	0.0	1445
5final:k127_298395	645_tnpA_JFHO01000232.1_1	83.4	151	25	0	486	34	20	170	5.57e-81	260
5final:k127_299273	1349_tnpA_AE014299.2_1	79.3	29	6	0	1643	1557	3	31	9.39e-08	50.8
5final:k127_61330	645_tnpA_JFHO01000232.1_1	71.0	31	9	0	2	94	140	170	4.45e-09	52.8
5final:k127_61330	1523_tnpA1_JFHO01000231.1_1	71.0	31	9	0	2	94	935	965	4.55e-08	52.8
5final:k127_385513	1349_tnpA_AE014299.2_1	74.2	31	8	0	1048	956	1	31	7.00e-08	51.6
5final:k127_198319	945_tnpA_AB032203.1_1	76.6	273	60	2	3755	2946	1	272	3.69e-131	406
5final:k127_199207	1914_IS91_MNUL01000105.1_1	73.1	216	58	0	1048	1695	1	216	2.83e-110	332
5final:k127_199207	1404_IS91_CP003742.1_1	71.6	211	60	0	1063	1695	6	216	4.06e-109	324
5final:k127_199207	2618_IS91_CP017105.1_1	72.0	214	60	0	1054	1695	2	215	8.08e-109	328
5final:k127_199207	362_IS91_CP003742.1_1	71.1	211	61	0	1063	1695	6	216	6.51e-108	322
5final:k127_199207	1857_IS91_CP003742.1_1	71.1	211	61	0	1063	1695	6	216	3.49e-107	322
5final:k127_199207	1284_IS91_MSDV01000044.1_1	71.6	211	58	1	1063	1695	2	210	1.53e-103	314
5final:k127_199207	1007_IS91_CP017105.1_1	71.2	208	56	1	1084	1695	10	217	6.53e-102	310
5final:k127_199207	1891_IS91_CP003742.1_1	72.0	182	51	0	1150	1695	1	182	3.28e-89	276
5final:k127_199207	1053_IS91_MOXO01000337.1_1	70.2	171	51	0	1183	1695	2	172	9.50e-86	266
5final:k127_200433	2052_tnpA_CU459003.1_1	83.9	497	80	0	679	2169	43	539	1.76e-305	847
5final:k127_200433	2602_tnpA_CU459003.1_1	83.9	199	32	0	679	1275	43	241	1.59e-110	337
5final:k127_236638	1933_IS91_MNFW01000015.1_1	83.9	223	36	0	1566	898	100	322	1.10e-133	387
